orientation:
  w: 0.0117937718967829
  x: -0.393755699976286
  y: 0.9159926296479759
  z: 0.07599248720247162
position:
  x: 0.2204046065090747
  y: 0.29555575226938025
  z: 0.3595848990898306
