orientation:
  w: 0.0017717006392948959
  x: 0.6262244012202939
  y: -0.7796378875759911
  z: -0.00215049975018605
position:
  x: 0.39914493939985196
  y: 0.0003442039234935849
  z: 0.14824910005545955
