orientation:
  w: 0.05466825285705369
  x: -0.6869372538741216
  y: 0.7243513130932633
  z: -0.02106576819162146
position:
  x: 0.45274773133584834
  y: 0.06200751920143048
  z: 0.3175890456169812
